[0.21772556997460046,0.2359489361178131,0.4372144194018306]
[0.9196778733891502,0.2543602058405473,0.8931549343216643]
[0.4515784036307562,0.17616521844702882,0.7803712243829888]
[0.4027009739101717,0.32418629104634056,0.33697408643548343]
[0.9661396021762367,0.3225287476017875,0.7881009772771996]
[0.7798026296844492,0.3038292663126876,0.9163625395710717]
[0.6879597188256632,0.35101602229338025,0.20331318857015857]
[0.7345198579580898,0.7779786333655161,0.48523985495339017]
[0.6457980171682138,0.9605578090730665,0.4722630581223336]
[0.21989374791786864,0.8535510767232499,0.6718572639802683]
[0.238738328935433,0.45833362648997167,0.5015179939743432]
[0.2374414459625458,0.723523677119788,0.863591126617855]
[0.47025014368274765,0.3077718592846199,0.49432934979964505]
[0.44926883794350225,0.5194458275741372,0.2389589541138467]
[0.49946514268216347,0.27497081615936914,0.5475402381205647]
[0.337770678863369,0.9533065323199855,0.6507175454750489]
[0.2951632258479996,0.014017544972335538,0.3795717329158089]
[0.9081152425346971,0.44891607924637345,0.783337334777827]
[0.970521709539099,0.10561966454590177,0.10680186087992194]
[0.0760990114885347,0.25320211739489273,0.0010546998040922295]
M 0 4 [0.5919325860754187,0.27923884185980025,0.6126576983395151]
M 0 14 [0.35859535632838196,0.255459876138591,0.49237732876119766]
M 0 11 [0.22758350796857316,0.47973630661880057,0.6504027730098427]
M 0 8 [0.4317617935714071,0.5982533725954398,0.45473873876208204]
M 0 3 [0.31021327194238607,0.28006761358207677,0.38709425291865696]
M 0 4 [0.5919325860754187,0.27923884185980025,0.6126576983395151]
M 0 11 [0.22758350796857316,0.47973630661880057,0.6504027730098427]
M 0 14 [0.35859535632838196,0.255459876138591,0.49237732876119766]
M 0 4 [0.5919325860754187,0.27923884185980025,0.6126576983395151]
M 0 17 [0.5629204062546488,0.3424325076820932,0.6102758770898288]
M 1 11 [0.578559659675848,0.4889419414801678,0.8783730304697597]
M 1 3 [0.6611894236496609,0.28927324844344393,0.6150645103785738]
M 1 4 [0.9429087377826935,0.2884444767211674,0.8406279557994321]
M 1 10 [0.5792081011622916,0.3563469161652595,0.6973364641480037]
M 1 15 [0.6287242761262596,0.6038333690802663,0.7719362398983566]
M 1 3 [0.6611894236496609,0.28927324844344393,0.6150645103785738]
M 1 19 [0.49788844243884245,0.25378116161772,0.4471048170628783]
M 1 0 [0.5687017216818753,0.24515457097918017,0.6651846768617474]
M 1 8 [0.782737945278682,0.6074590074568068,0.6827089962219989]
M 1 0 [0.5687017216818753,0.24515457097918017,0.6651846768617474]
M 2 7 [0.593049130794423,0.47707192590627245,0.6328055396681895]
M 2 17 [0.6798468230827266,0.3125406488467011,0.7818542795804078]
M 2 6 [0.5697690612282097,0.2635906203702045,0.49184220647657373]
M 2 13 [0.4504236207871292,0.347805523010583,0.5096650892484178]
M 2 10 [0.3451583662830946,0.3172494224685003,0.640944609178666]
M 2 17 [0.6798468230827266,0.3125406488467011,0.7818542795804078]
M 2 3 [0.42713968877046393,0.25017575474668474,0.558672655409236]
M 2 2 [0.4515784036307562,0.1761652184470288,0.7803712243829888]
M 2 8 [0.548688210399485,0.5683615137600476,0.6263171412526611]
M 2 1 [0.6856281385099532,0.21526271214378812,0.8367630793523265]
M 3 17 [0.6554081082224344,0.38655118514635706,0.5601557106066553]
M 3 14 [0.45108305829616757,0.29957855360285485,0.4422571622780241]
M 3 19 [0.2393999926993532,0.28869420422061665,0.16901439311978783]
M 3 13 [0.42598490592683697,0.4218160593102389,0.28796652027466507]
M 3 13 [0.42598490592683697,0.4218160593102389,0.28796652027466507]
M 3 13 [0.42598490592683697,0.4218160593102389,0.28796652027466507]
M 3 13 [0.42598490592683697,0.4218160593102389,0.28796652027466507]
M 3 18 [0.6866113417246353,0.21490297779612116,0.22188797365770271]
M 3 0 [0.31021327194238607,0.28006761358207677,0.38709425291865696]
M 3 18 [0.6866113417246353,0.21490297779612116,0.22188797365770271]
M 4 12 [0.7181948729294922,0.3151503034432036,0.6412151635384223]
M 4 7 [0.8503297300671633,0.5502536904836517,0.6366704161152948]
M 4 12 [0.7181948729294922,0.3151503034432036,0.6412151635384223]
M 4 6 [0.8270496605009501,0.3367723849475839,0.49570708292367915]
M 4 2 [0.7088590029034965,0.24934698302440808,0.7842361008300942]
M 4 1 [0.9429087377826935,0.2884444767211674,0.8406279557994321]
M 4 5 [0.872971115930343,0.31317900695723744,0.8522317584241357]
M 4 7 [0.8503297300671633,0.5502536904836517,0.6366704161152948]
M 4 6 [0.8270496605009501,0.3367723849475839,0.49570708292367915]
M 4 19 [0.5211193068323857,0.28786543249834,0.3945778385406459]
M 5 4 [0.872971115930343,0.31317900695723744,0.8522317584241357]
M 5 0 [0.49876409982952485,0.2698891012152503,0.6767884794864512]
M 5 3 [0.5912518017973105,0.3140077786795141,0.6266683130032775]
M 5 12 [0.6250263866835984,0.3058005627986537,0.7053459446853584]
M 5 5 [0.7798026296844491,0.30382926631268753,0.9163625395710717]
M 5 14 [0.6396338861833063,0.28940004123602825,0.7319513888458182]
M 5 12 [0.6250263866835984,0.3058005627986537,0.7053459446853584]
M 5 11 [0.5086220378234975,0.5136764717162379,0.8899768330944633]
M 5 14 [0.6396338861833063,0.28940004123602825,0.7319513888458182]
M 5 0 [0.49876409982952485,0.2698891012152503,0.6767884794864512]
M 6 14 [0.5937124307539133,0.3129934192263746,0.37542671334536165]
M 6 17 [0.79803748068018,0.3999660507698768,0.4933252616739927]
M 6 6 [0.6879597188256632,0.3510160222933802,0.20331318857015857]
M 6 0 [0.45284264440013183,0.2934824792055966,0.3202638039859946]
M 6 11 [0.46270058239410455,0.5372698497065842,0.5334521575940069]
M 6 1 [0.8038187961074066,0.3026881140669637,0.5482340614459114]
M 6 0 [0.45284264440013183,0.2934824792055966,0.3202638039859946]
M 6 1 [0.8038187961074066,0.3026881140669637,0.5482340614459114]
M 6 4 [0.8270496605009501,0.3367723849475839,0.49570708292367915]
M 6 14 [0.5937124307539133,0.3129934192263746,0.37542671334536165]
M 7 5 [0.7571612438212695,0.5409039498391017,0.7008011972622309]
M 7 18 [0.8525207837485944,0.44179914895570893,0.29602085791665605]
M 7 14 [0.6169925003201266,0.5264747247624425,0.5163900465369775]
M 7 7 [0.7345198579580898,0.777978633365516,0.48523985495339017]
M 7 5 [0.7571612438212695,0.5409039498391017,0.7008011972622309]
M 7 9 [0.47720680293797924,0.8157648550443829,0.5785485594668291]
M 7 9 [0.47720680293797924,0.8157648550443829,0.5785485594668291]
M 7 11 [0.4859806519603178,0.750751155242652,0.6744154907856225]
M 7 11 [0.4859806519603178,0.750751155242652,0.6744154907856225]
M 7 1 [0.82709886567362,0.5161694196030316,0.6891973946375272]
M 8 17 [0.7769566298514554,0.7047369441597199,0.6278001964500803]
M 8 4 [0.8059688096722253,0.6415432783374269,0.6301820176997667]
M 8 15 [0.4917843480157914,0.9569321706965258,0.5614903017986912]
M 8 17 [0.7769566298514554,0.7047369441597199,0.6278001964500803]
M 8 18 [0.8081598633536564,0.533088736809484,0.28953245950112777]
M 8 5 [0.7128003234263315,0.632193537692877,0.6943127988467026]
M 8 6 [0.6668788679969384,0.6557869156832233,0.337788123346246]
M 8 6 [0.6668788679969384,0.6557869156832233,0.337788123346246]
M 8 11 [0.4416197315653798,0.8420407430964273,0.6679270923700943]
M 8 17 [0.7769566298514554,0.7047369441597199,0.6278001964500803]
M 9 13 [0.3345812929306855,0.6864984521486934,0.45540810904705753]
M 9 17 [0.5640044952262829,0.6512335779848115,0.7275972993790476]
M 9 7 [0.47720680293797924,0.8157648550443829,0.5785485594668291]
M 9 8 [0.4328458825430413,0.9070544428981581,0.572060161051301]
M 9 7 [0.47720680293797924,0.8157648550443829,0.5785485594668291]
M 9 14 [0.35967944530001605,0.5642609464413094,0.6096987510504165]
M 9 5 [0.499848188801159,0.5786901715179686,0.79410990177567]
M 9 13 [0.3345812929306855,0.6864984521486934,0.45540810904705753]
M 9 1 [0.5697858106535095,0.5539556412818987,0.7825060991509664]
M 9 1 [0.5697858106535095,0.5539556412818987,0.7825060991509664]
M 10 15 [0.288254503899401,0.7058200794049786,0.576117769724696]
M 10 2 [0.3451583662830946,0.3172494224685003,0.640944609178666]
M 10 3 [0.32071965142280234,0.39125995876815617,0.41924604020491324]
M 10 10 [0.23873832893543304,0.4583336264899717,0.5015179939743432]
M 10 10 [0.23873832893543304,0.4583336264899717,0.5015179939743432]
M 10 12 [0.3544942363090903,0.3830527428872958,0.4979236718869941]
M 10 5 [0.5092704793099411,0.3810814464013296,0.7089402667727074]
M 10 16 [0.2669507773917163,0.23617558573115366,0.44054486344507604]
M 10 17 [0.573426785735065,0.4536248528681725,0.642427664376085]
M 10 14 [0.36910173580879824,0.3666522213246704,0.5245291160474539]
M 11 7 [0.4859806519603178,0.750751155242652,0.6744154907856225]
M 11 4 [0.6017905240693913,0.5230262123607877,0.8258460519475272]
M 11 7 [0.4859806519603178,0.750751155242652,0.6744154907856225]
M 11 1 [0.578559659675848,0.4889419414801678,0.8783730304697597]
M 11 11 [0.2374414459625458,0.7235236771197882,0.863591126617855]
M 11 5 [0.5086220378234975,0.5136764717162379,0.8899768330944633]
M 11 14 [0.36845329432235463,0.4992472466395786,0.7055656823692098]
M 11 9 [0.22866759694020727,0.7885373769215189,0.7677241952990617]
M 11 10 [0.2380898874489894,0.59092865180488,0.6825545602960991]
M 11 0 [0.22758350796857316,0.47973630661880057,0.6504027730098427]
M 12 11 [0.3538457948226467,0.515647768202204,0.6789602382087501]
M 12 15 [0.40401041127305826,0.6305391958023026,0.5725234476373469]
M 12 10 [0.3544942363090903,0.3830527428872958,0.4979236718869941]
M 12 12 [0.47025014368274765,0.3077718592846198,0.49432934979964505]
M 12 7 [0.6023850008204188,0.542875246325068,0.48978460237651766]
M 12 16 [0.3827066847653736,0.16089470212847773,0.436950541357727]
M 12 11 [0.3538457948226467,0.515647768202204,0.6789602382087501]
M 12 4 [0.7181948729294922,0.3151503034432036,0.6412151635384223]
M 12 17 [0.6891826931087224,0.3783439692654966,0.638833342288736]
M 12 6 [0.5791049312542054,0.32939394078900003,0.3488212691849018]
M 13 12 [0.459759490813125,0.41360884342937854,0.3666441519567459]
M 13 5 [0.6145357338139757,0.41163754694341237,0.5776607468424593]
M 13 6 [0.5686142783845827,0.43523092493375864,0.22113607134200264]
M 13 15 [0.39351975840343556,0.7363761799470612,0.44483824979444775]
M 13 9 [0.3345812929306855,0.6864984521486934,0.45540810904705753]
M 13 7 [0.591894347950796,0.6487122304698266,0.36209940453361844]
M 13 10 [0.34400358343946763,0.4888897270320544,0.3702384740440949]
M 13 2 [0.4504236207871292,0.347805523010583,0.5096650892484178]
M 13 16 [0.37221603189575087,0.26673168627323635,0.30926534351482776]
M 13 1 [0.6844733556663262,0.38690301670734223,0.5660569442177554]
M 14 2 [0.4755217731564598,0.22556801730319886,0.6639557312517768]
M 14 7 [0.6169925003201266,0.5264747247624425,0.5163900465369775]
M 14 17 [0.7037901926084302,0.3619434477028712,0.6654387864491959]
M 14 17 [0.7037901926084302,0.3619434477028712,0.6654387864491959]
M 14 17 [0.7037901926084302,0.3619434477028712,0.6654387864491959]
M 14 15 [0.41861791077276617,0.6141386742396772,0.5991288917978067]
M 14 10 [0.36910173580879824,0.3666522213246704,0.5245291160474539]
M 14 14 [0.49946514268216347,0.27497081615936897,0.5475402381205647]
M 14 1 [0.7095715080356568,0.26466551099995816,0.7203475862211145]
M 14 17 [0.7037901926084302,0.3619434477028712,0.6654387864491959]
M 15 8 [0.4917843480157914,0.9569321706965258,0.5614903017986912]
M 15 0 [0.2777481244189847,0.5946277342188993,0.5439659824384397]
M 15 3 [0.37023582638677033,0.638746411683163,0.4938458159552661]
M 15 11 [0.28760606241295744,0.8384151047198869,0.757154336046452]
M 15 16 [0.3164669523556843,0.48366203864616053,0.5151446391954289]
M 15 11 [0.28760606241295744,0.8384151047198869,0.757154336046452]
M 15 11 [0.28760606241295744,0.8384151047198869,0.757154336046452]
M 15 8 [0.4917843480157914,0.9569321706965258,0.5614903017986912]
M 15 2 [0.3946745412470626,0.5647358753835071,0.7155443849290188]
M 15 16 [0.3164669523556843,0.48366203864616053,0.5151446391954289]
M 16 7 [0.5148415419030448,0.3959980891689258,0.43240579393459955]
M 16 16 [0.2951632258479996,0.014017544972335566,0.3795717329158089]
M 16 17 [0.6016392341913483,0.23146681210935446,0.5814545338468179]
M 16 17 [0.6016392341913483,0.23146681210935446,0.5814545338468179]
M 16 17 [0.6016392341913483,0.23146681210935446,0.5814545338468179]
M 16 14 [0.39731418426508147,0.14449418056585225,0.46355598551818683]
M 16 8 [0.4704806215081067,0.487287677022701,0.42591739551907126]
M 16 8 [0.4704806215081067,0.487287677022701,0.42591739551907126]
M 16 8 [0.4704806215081067,0.487287677022701,0.42591739551907126]
M 16 14 [0.39731418426508147,0.14449418056585225,0.46355598551818683]
M 17 9 [0.5640044952262829,0.6512335779848115,0.7275972993790476]
M 17 2 [0.6798468230827266,0.3125406488467011,0.7818542795804078]
M 17 8 [0.7769566298514554,0.7047369441597199,0.6278001964500803]
M 17 7 [0.8213175502463935,0.6134473563059448,0.6342885948656086]
M 17 11 [0.5727783442486214,0.5862198781830807,0.823464230697841]
M 17 6 [0.79803748068018,0.3999660507698768,0.4933252616739927]
M 17 11 [0.5727783442486214,0.5862198781830807,0.823464230697841]
M 17 8 [0.7769566298514554,0.7047369441597199,0.6278001964500803]
M 17 18 [0.939318476036898,0.27726787189613755,0.44506959782887445]
M 17 6 [0.79803748068018,0.3999660507698768,0.4933252616739927]
M 18 6 [0.8292407141823811,0.22831784341964098,0.15505752472504028]
M 18 19 [0.5233103605138169,0.17941089097039722,0.053928280342007084]
M 18 12 [0.7203859266109233,0.20669576191526076,0.3005656053397835]
M 18 3 [0.6866113417246353,0.21490297779612116,0.22188797365770271]
M 18 3 [0.6866113417246353,0.21490297779612116,0.22188797365770271]
M 18 4 [0.9683306558576679,0.21407420607384453,0.4474514190785608]
M 18 14 [0.7349934261106312,0.19029524035263531,0.32717104950024334]
M 18 16 [0.6328424676935493,0.059818604759118654,0.24318679689786546]
M 18 5 [0.8751621696117741,0.20472446542929457,0.5115822002254968]
M 18 0 [0.5941236397568497,0.1707843003318574,0.27200814014087626]
M 19 5 [0.4279508205864919,0.2785156918537901,0.4587086196875819]
M 19 8 [0.36094851432837427,0.6068799632339795,0.23665887896321292]
M 19 2 [0.26383870755964545,0.21468366792096075,0.3907129620935405]
M 19 14 [0.2877820770853491,0.2640864667771308,0.27429746896232843]
M 19 0 [0.14691229073156759,0.24457552675635286,0.21913455960296138]
M 19 1 [0.49788844243884245,0.25378116161772,0.4471048170628783]
M 19 13 [0.2626839247160185,0.3863239724845149,0.12000682695896947]
M 19 1 [0.49788844243884245,0.25378116161772,0.4471048170628783]
M 19 19 [0.07609901148853473,0.25320211739489273,0.0010546998040922295]
M 19 17 [0.49210712701161585,0.35105909832063303,0.39219601729095954]
