[0.7557970585665087,0.5789998705775697,0.5106034211992599]
[0.06658392326007612,0.3533454063003424,0.31252133673106597]
[0.5053745021576171,0.8853398844958791,0.36310941521028806]
[0.4159914554372248,0.9794539582556908,0.6135332753657471]
[0.7506812274487974,0.9422094511940925,0.5792729346887192]
[0.313058032487991,0.09045784609701102,0.9771868059196454]
[0.1400479751763385,0.3211405776837941,0.7396025001534176]
[0.9348605331781494,0.28355972239769156,0.017778423586211956]
[0.24899132446320815,0.41738176134110294,0.2749045212530944]
[0.7565476411403019,0.15302136870746286,0.7411080895000903]
[0.9798025815382125,0.7781462342749969,0.7498829844410205]
[0.04971710864401446,0.49939721359619405,0.6379534730146348]
[0.7348755438776656,0.7883971024375235,0.07608161995751928]
[0.9220500290277183,0.5815727667696556,0.19686047878623447]
[0.161741362473809,0.800557505861863,0.3791199752054556]
[0.3939642514163443,0.11890158527380146,0.27282007549733656]
[0.42867228270462376,0.5730111267278132,0.885620474982026]
[0.7958648422217789,0.2779593681686897,0.8043437548469101]
[0.07657142002043782,0.35574196944139524,0.03018890823765863]
[0.9506336241171468,0.4156079319195115,0.940759407312007]
[0.7019775990545415,0.24030551127393907,0.09920737497943533]
[0.8062910536595593,0.12472470885520359,0.11582689983509153]
[0.6755404858326405,0.8827515314767819,0.3848203672415528]
[0.0761315372770931,0.29051584624475724,0.17149453455752361]
[0.08030678226527388,0.3662346798507068,0.699999591172224]
[0.9978059961499286,0.7350873240060165,0.5321371205170085]
[0.2765123437000899,0.5458271903974434,0.5565052675210874]
[0.05540387330590846,0.34905702826310125,0.18715701294955456]
[0.34808993559431056,0.509342707715474,0.6063326446930272]
[0.7330470309563275,0.7964951683870206,0.9374966061054119]
[0.9664406755655373,0.889516192014731,0.5401312675222826]
[0.4452030875255518,0.2702924884361587,0.8753772273356432]
[0.39671815741889405,0.3162630077227866,0.39127725700814064]
[0.3750797978383169,0.8779640745031795,0.31929983592627864]
[0.8703522001931655,0.7414403214662838,0.6518008885837551]
[0.25217996821126754,0.9835677177055674,0.6377416988834949]
[0.9260832861076721,0.18790339783322407,0.22814214629499563]
[0.11435125011898528,0.8223859327370984,0.331663097790012]
[0.5735520026866601,0.4519179590608804,0.6845093098103716]
[0.8763111227368351,0.46570559530873634,0.971375334525375]
M 0 25 [0.8768015273582187,0.6570435972917932,0.5213702708581343]
M 0 10 [0.8677998200523607,0.6785730524262832,0.6302432028201402]
M 0 36 [0.8409401723370904,0.38345163420539696,0.3693727837471278]
M 0 37 [0.4350741543427471,0.700692901657334,0.42113325949463604]
M 0 20 [0.7288873288105251,0.4096526909257543,0.30490539808934763]
M 0 7 [0.845328795872329,0.4312797964876305,0.2641909223927359]
M 0 1 [0.4111904909132924,0.466172638438956,0.41156237896516296]
M 0 1 [0.4111904909132924,0.466172638438956,0.41156237896516296]
M 0 5 [0.5344275455272498,0.3347288583372903,0.7438951135594525]
M 0 36 [0.8409401723370904,0.38345163420539696,0.3693727837471278]
M 1 14 [0.11416264286694261,0.5769514560811027,0.34582065596826084]
M 1 9 [0.411565782200189,0.2531833875039025,0.5268147131155781]
M 1 37 [0.0904675866895307,0.5878656695187202,0.32209221726053894]
M 1 2 [0.28597921270884663,0.6193426453981108,0.337815375970677]
M 1 13 [0.4943169761438972,0.467459086534999,0.2546909077586503]
M 1 4 [0.4086325753544368,0.6477774287472174,0.44589713570989264]
M 1 15 [0.2302740873382102,0.23612349578707187,0.29267070611420126]
M 1 34 [0.46846806172662087,0.547392863883313,0.4821611126574106]
M 1 35 [0.15938194573567188,0.6684565620029549,0.47513151780728047]
M 1 29 [0.39981547710820176,0.5749202873436815,0.6250089714182389]
M 2 21 [0.6558327779085882,0.5050322966755414,0.2394681575226898]
M 2 35 [0.3787772351844424,0.9344538011007233,0.5004255570468915]
M 2 15 [0.4496693767869807,0.5021207348848403,0.31796474535381236]
M 2 21 [0.6558327779085882,0.5050322966755414,0.2394681575226898]
M 2 17 [0.650619672189698,0.5816496263322845,0.5837265850285991]
M 2 8 [0.37718291331041265,0.6513608229184911,0.3190069682316913]
M 2 21 [0.6558327779085882,0.5050322966755414,0.2394681575226898]
M 2 32 [0.45104632978825554,0.600801446109333,0.37719333610921435]
M 2 6 [0.3227112386669778,0.6032402310898367,0.5513559576818529]
M 2 29 [0.6192107665569724,0.8409175264414499,0.65030301065785]
M 3 35 [0.3340857118242462,0.981510837980629,0.625637487124621]
M 3 14 [0.28886640895551696,0.8900057320587769,0.49632662528560134]
M 3 4 [0.5833363414430112,0.9608317047248915,0.5964031050272331]
M 3 38 [0.49477172906194256,0.7156859586582857,0.6490212925880594]
M 3 3 [0.4159914554372249,0.9794539582556907,0.6135332753657471]
M 3 33 [0.395535626637771,0.928709016379435,0.466416555646013]
M 3 26 [0.3462518995686574,0.762640574326567,0.5850192714434173]
M 3 20 [0.5589845272458831,0.6098797347648148,0.35637032517259115]
M 3 7 [0.6754259943076871,0.631506840326691,0.3156558494759795]
M 3 38 [0.49477172906194256,0.7156859586582857,0.6490212925880594]
M 4 21 [0.7784861405541784,0.533467080024648,0.34754991726190543]
M 4 21 [0.7784861405541784,0.533467080024648,0.34754991726190543]
M 4 19 [0.850657425782972,0.6789086915568019,0.7600161710003631]
M 4 34 [0.8105167138209814,0.8418248863301881,0.6155369116362371]
M 4 39 [0.8134961750928162,0.7039575232514145,0.7753241346070472]
M 4 7 [0.8427708803134734,0.6128845867958919,0.2985256791374655]
M 4 28 [0.549385581521554,0.7257760794547832,0.5928027896908732]
M 4 34 [0.8105167138209814,0.8418248863301881,0.6155369116362371]
M 4 35 [0.5014305978300324,0.9628885844498298,0.608507316786107]
M 4 0 [0.753239143007653,0.760604660885831,0.5449381779439896]
M 5 23 [0.1945947848825421,0.19048684617088413,0.5743406702385845]
M 5 39 [0.5946845776124131,0.2780817207028736,0.9742810702225101]
M 5 37 [0.21370464130348824,0.45642188941705464,0.6544249518548286]
M 5 5 [0.313058032487991,0.09045784609701102,0.9771868059196451]
M 5 4 [0.5318696299683942,0.5163336486455518,0.7782298703041822]
M 5 20 [0.5075178157712663,0.165381678685475,0.5381970904495403]
M 5 7 [0.6239592828330702,0.18700878424735123,0.49748261475292854]
M 5 38 [0.44330501758732554,0.2711879025789458,0.8308480578650084]
M 5 24 [0.19668240737663245,0.2283462629738589,0.8385931985459346]
M 5 5 [0.313058032487991,0.09045784609701102,0.9771868059196451]
M 6 13 [0.5310490021020283,0.45135667222672476,0.468231489469826]
M 6 18 [0.10830969759838815,0.33844127356259457,0.3848957041955381]
M 6 18 [0.10830969759838815,0.33844127356259457,0.3848957041955381]
M 6 14 [0.15089466882507374,0.5608490417728285,0.5593612376794366]
M 6 10 [0.5599252783572755,0.5496434059793954,0.744742742297219]
M 6 36 [0.5330656306420052,0.2545219877585091,0.4838723232242066]
M 6 29 [0.43654750306633305,0.5588178730354074,0.8385495531294147]
M 6 29 [0.43654750306633305,0.5588178730354074,0.8385495531294147]
M 6 3 [0.27801971530678166,0.6502972679697423,0.6765678877595823]
M 6 33 [0.25756388650732776,0.5995523260934867,0.5294511680398482]
M 7 20 [0.8184190661163455,0.26193261683581526,0.05849289928282364]
M 7 5 [0.6239592828330702,0.18700878424735123,0.49748261475292854]
M 7 26 [0.6056864384391197,0.41469345639756744,0.28714184555364974]
M 7 20 [0.8184190661163455,0.26193261683581526,0.05849289928282364]
M 7 29 [0.8339537820672385,0.5400274453923561,0.4776375148458119]
M 7 24 [0.5075836577217117,0.3248972011241992,0.358889007379218]
M 7 29 [0.8339537820672385,0.5400274453923561,0.4776375148458119]
M 7 8 [0.5919259288206788,0.35047074186939714,0.14634147241965317]
M 7 28 [0.64147523438623,0.39645121505658265,0.3120555341396195]
M 7 8 [0.5919259288206788,0.35047074186939714,0.14634147241965317]
M 8 36 [0.58753730528544,0.3026425795871635,0.251523333774045]
M 8 26 [0.26275183408164904,0.4816044758692732,0.41570489438709096]
M 8 32 [0.32285474094105104,0.3668223845319447,0.3330908891306175]
M 8 26 [0.26275183408164904,0.4816044758692732,0.41570489438709096]
M 8 2 [0.37718291331041265,0.6513608229184911,0.3190069682316913]
M 8 9 [0.502769482801755,0.2852015650242829,0.5080063053765924]
M 8 2 [0.37718291331041265,0.6513608229184911,0.3190069682316913]
M 8 23 [0.16256143087015065,0.3539488037929301,0.22319952790530903]
M 8 35 [0.25058564633723784,0.700474739523335,0.4563231100682946]
M 8 27 [0.1521975988845583,0.38321939480210204,0.23103076710132447]
M 9 17 [0.7762062416810404,0.21549036843807623,0.7727259221735001]
M 9 16 [0.5926099619224628,0.36301624771763796,0.8133642822410582]
M 9 28 [0.5523187883673062,0.3311820382114683,0.6737203670965587]
M 9 21 [0.7814193473999307,0.1388730387813332,0.42846749466759093]
M 9 19 [0.8535906326287244,0.2843146503134872,0.8409337484060486]
M 9 22 [0.7160440634864712,0.5178864500921223,0.5629642283708215]
M 9 15 [0.5752559462783231,0.13596147699063219,0.5069640824987134]
M 9 38 [0.6650498219134809,0.3024696638841716,0.712808699655231]
M 9 14 [0.45914450180705546,0.4767894372846629,0.5601140323527729]
M 9 20 [0.7292626200974217,0.1966634399907009,0.4201577322397628]
M 10 29 [0.85642480624727,0.7873207013310087,0.8436897952732161]
M 10 32 [0.6882603694785533,0.5472046209988917,0.5705801207245806]
M 10 21 [0.8930468175988858,0.45143547156510017,0.432854942138056]
M 10 9 [0.8681751113392573,0.46558380149122985,0.7454955369705555]
M 10 38 [0.7766772921124363,0.6150320966679386,0.717196147125696]
M 10 21 [0.8930468175988858,0.45143547156510017,0.432854942138056]
M 10 22 [0.8276715336854265,0.8304488828758892,0.5673516758412867]
M 10 29 [0.85642480624727,0.7873207013310087,0.8436897952732161]
M 10 21 [0.8930468175988858,0.45143547156510017,0.432854942138056]
M 10 26 [0.6281574626191513,0.6619867123362202,0.6531941259810541]
M 11 32 [0.22321763303145428,0.4078301106594903,0.5146153650113877]
M 11 32 [0.22321763303145428,0.4078301106594903,0.5146153650113877]
M 11 31 [0.24746009808478317,0.3848448510161764,0.7566653501751389]
M 11 26 [0.16311472617205225,0.5226122019968187,0.597229370267861]
M 11 9 [0.4031323748921582,0.32620929115182845,0.6895307812573626]
M 11 18 [0.06314426433222617,0.42756959151879464,0.3340711906261467]
M 11 10 [0.5147598450911136,0.6387717239355956,0.6939182287278277]
M 11 18 [0.06314426433222617,0.42756959151879464,0.3340711906261467]
M 11 38 [0.31163455566533727,0.4756575863285373,0.6612313914125032]
M 11 2 [0.2775458054008158,0.6923685490460366,0.5005314441124614]
M 12 33 [0.5549776708579912,0.8331805884703513,0.19769072794189896]
M 12 28 [0.541482739735988,0.6488699050764986,0.3412071323252733]
M 12 12 [0.7348755438776656,0.7883971024375233,0.07608161995751939]
M 12 6 [0.43746175952700206,0.5547688400606586,0.4078420600554684]
M 12 21 [0.7705832987686124,0.4565609056463633,0.0959542598963054]
M 12 18 [0.4057234819490517,0.5720695359394593,0.05313526409758906]
M 12 10 [0.8573390627079391,0.78327166835626,0.41298230219926996]
M 12 3 [0.5754334996574453,0.883925530346607,0.34480744766163324]
M 12 8 [0.4919334341704369,0.6028894318893131,0.17549307060530683]
M 12 1 [0.4007297335688709,0.5708712543689328,0.19430147834429268]
M 13 2 [0.7137122655926676,0.7334563256327674,0.2799849469982612]
M 13 10 [0.9509263052829654,0.6798595005223262,0.4733717316136275]
M 13 27 [0.48872695116681336,0.4653148975163784,0.19200874586789454]
M 13 32 [0.6593840932233062,0.44891788724622117,0.29406886789718756]
M 13 13 [0.9220500290277183,0.5815727667696555,0.19686047878623447]
M 13 23 [0.4990907831524056,0.4360443065072064,0.18417750667187904]
M 13 24 [0.5011784056464961,0.47390372331018116,0.4484300349792293]
M 13 3 [0.6690207422324715,0.7805133625126731,0.40519687707599084]
M 13 27 [0.48872695116681336,0.4653148975163784,0.19200874586789454]
M 13 7 [0.9284552811029338,0.43256624458367343,0.10731945118622321]
M 14 33 [0.2684105801560629,0.8392607901825211,0.34920990556586706]
M 14 8 [0.20536634346850852,0.6089696336014829,0.327012248229275]
M 14 28 [0.2549156490340598,0.6549501067886684,0.4927263099492414]
M 14 6 [0.15089466882507374,0.5608490417728285,0.5593612376794366]
M 14 23 [0.11893644987545104,0.54553667605331,0.2753072548814896]
M 14 29 [0.4473941967150682,0.7985263371244418,0.6583082906554336]
M 14 32 [0.2792297599463515,0.5584102567923248,0.3851986161067981]
M 14 3 [0.28886640895551696,0.8900057320587769,0.49632662528560134]
M 14 7 [0.5483009478259792,0.5420586141297772,0.19844919939583378]
M 14 12 [0.4483084531757373,0.7944773041496931,0.2276007975814875]
M 15 18 [0.23526783571839105,0.23732177735759832,0.1515044918674976]
M 15 8 [0.3214777879397762,0.26814167330745214,0.2738622983752155]
M 15 15 [0.3939642514163443,0.11890158527380144,0.27282007549733656]
M 15 13 [0.6580071402220312,0.35023717602172855,0.23484027714178554]
M 15 36 [0.6600237687620081,0.15340249155351277,0.2504811108961661]
M 15 25 [0.6958851237831365,0.4269944546399089,0.4024785980071725]
M 15 6 [0.2670061132963414,0.22002108147879773,0.506211287825377]
M 15 30 [0.6802024634909407,0.5042088886442662,0.4064756715098095]
M 15 28 [0.3710270935053274,0.31412214649463766,0.43957636009518186]
M 15 8 [0.3214777879397762,0.26814167330745214,0.2738622983752155]
M 16 33 [0.4018760402714703,0.7254876006154961,0.6024601554541522]
M 16 1 [0.24762810298234997,0.4631782665140777,0.599070905856546]
M 16 20 [0.5653249408795826,0.40665831900087607,0.49241392498073067]
M 16 11 [0.2391946956743191,0.5362041701620036,0.7617869739983304]
M 16 33 [0.4018760402714703,0.7254876006154961,0.6024601554541522]
M 16 2 [0.4670233924311205,0.7291755056118462,0.6243649450961571]
M 16 32 [0.4126952200617589,0.44463706722529983,0.6384488659950833]
M 16 3 [0.4223318690709243,0.7762325424917519,0.7495768751738865]
M 16 2 [0.4670233924311205,0.7291755056118462,0.6243649450961571]
M 16 20 [0.5653249408795826,0.40665831900087607,0.49241392498073067]
M 17 16 [0.6122685624632014,0.4254852474482514,0.8449821149144681]
M 17 9 [0.7762062416810404,0.21549036843807623,0.7727259221735001]
M 17 23 [0.43599818974943594,0.2842376072067234,0.48791914470221687]
M 17 39 [0.836087982479307,0.37183248173871286,0.8878595446861426]
M 17 4 [0.7732730348352881,0.610084409681391,0.6918083447678146]
M 17 39 [0.836087982479307,0.37183248173871286,0.8878595446861426]
M 17 33 [0.5854723200300479,0.5779617213359345,0.5618217953865944]
M 17 23 [0.43599818974943594,0.2842376072067234,0.48791914470221687]
M 17 7 [0.8653626876999642,0.2807595452831906,0.41106108921656104]
M 17 17 [0.7958648422217789,0.27795936816868966,0.8043437548469101]
M 18 7 [0.5057159765992936,0.3196508459195433,0.023983665911935237]
M 18 28 [0.2123306778073742,0.4325423385784345,0.3182607764653429]
M 18 29 [0.40480922548838266,0.5761185689142079,0.48384275717153524]
M 18 22 [0.37605595292653915,0.6192467504590886,0.2075046377396057]
M 18 30 [0.5215060477929875,0.622629080728063,0.28516008787997055]
M 18 18 [0.07657142002043782,0.3557419694413952,0.03018890823765863]
M 18 22 [0.37605595292653915,0.6192467504590886,0.2075046377396057]
M 18 7 [0.5057159765992936,0.3196508459195433,0.023983665911935237]
M 18 25 [0.5371887080851832,0.5454146467237058,0.28116301437733354]
M 18 21 [0.4414312368399986,0.24023333914829942,0.07300790403637508]
M 19 28 [0.6493617798557286,0.4624753198174926,0.773546026002517]
M 19 34 [0.910492912155156,0.5785241266928975,0.7962801479478809]
M 19 29 [0.8418403275367372,0.6060515501532661,0.9391280067087094]
M 19 34 [0.910492912155156,0.5785241266928975,0.7962801479478809]
M 19 33 [0.6628567109777319,0.6467860032113454,0.6300296216191429]
M 19 19 [0.9506336241171468,0.41560793191951145,0.940759407312007]
M 19 19 [0.9506336241171468,0.41560793191951145,0.940759407312007]
M 19 20 [0.8263056115858441,0.3279567215967253,0.5199833911457212]
M 19 2 [0.728004063137382,0.6504739082076954,0.6519344112611476]
M 19 8 [0.5998124742901775,0.4164948466303072,0.6078319642825507]
M 20 1 [0.3842807611573088,0.2968254587871406,0.20586435585525062]
M 20 18 [0.38927450953748965,0.2980237403576671,0.064698141608547]
M 20 32 [0.5493478782367178,0.27828425949836283,0.24524231599378798]
M 20 8 [0.4754844617588748,0.328843636307521,0.1870559481162649]
M 20 18 [0.38927450953748965,0.2980237403576671,0.064698141608547]
M 20 18 [0.38927450953748965,0.2980237403576671,0.064698141608547]
M 20 29 [0.7175123150054346,0.5184003398304798,0.5183519905424235]
M 20 23 [0.3890545681658173,0.2654106787593481,0.13535095476847947]
M 20 32 [0.5493478782367178,0.27828425949836283,0.24524231599378798]
M 20 28 [0.5250337673244261,0.3748241094947064,0.35277000983623125]
M 21 27 [0.43084746348273395,0.23689086855915242,0.15149195639232307]
M 21 16 [0.6174816681820915,0.34886791779150833,0.5007236874085588]
M 21 20 [0.7541343263570504,0.1825151100645713,0.10751713740726343]
M 21 13 [0.8641705413436388,0.35314873781242956,0.15634368931066306]
M 21 32 [0.6015046055392266,0.2204938582889951,0.2535520784216161]
M 21 32 [0.6015046055392266,0.2204938582889951,0.2535520784216161]
M 21 13 [0.8641705413436388,0.35314873781242956,0.15634368931066306]
M 21 15 [0.6001276525379518,0.12181314706450252,0.19432348766621405]
M 21 38 [0.6899215281731097,0.28832133395804205,0.4001681048227316]
M 21 3 [0.6111412545483921,0.5520893335554472,0.36468008760041937]
M 22 20 [0.688759042443591,0.5615285213753604,0.24201387111049405]
M 22 9 [0.7160440634864712,0.5178864500921223,0.5629642283708215]
M 22 7 [0.8052005095053949,0.5831556269372367,0.20129939541388236]
M 22 29 [0.704293758394484,0.8396233499319012,0.6611584866734823]
M 22 32 [0.5361293216257673,0.5995072695997843,0.38804881212484676]
M 22 16 [0.552106384268632,0.7278813291022974,0.6352204211117893]
M 22 29 [0.704293758394484,0.8396233499319012,0.6611584866734823]
M 22 31 [0.5603717866790962,0.5765220099564703,0.630098797288598]
M 22 37 [0.39494586797581294,0.85256873210694,0.35824173251578245]
M 22 2 [0.5904574939951288,0.8840457079863304,0.37396489122592047]
M 23 31 [0.26066731240132246,0.280404167340458,0.5234358809465833]
M 23 35 [0.16415575274418032,0.6370417819751623,0.40461811672050924]
M 23 32 [0.23642484734799357,0.3033894269837719,0.28138589578283213]
M 23 34 [0.4732418687351293,0.5159780838555204,0.41164771157063934]
M 23 8 [0.16256143087015065,0.3539488037929301,0.22319952790530903]
M 23 38 [0.3248417699818766,0.3712169026528188,0.4280019221839476]
M 23 5 [0.1945947848825421,0.19048684617088413,0.5743406702385845]
M 23 21 [0.44121129546832616,0.2076202775499804,0.14366071719630757]
M 23 26 [0.1763219404885915,0.4181715183211003,0.3639999010393055]
M 23 26 [0.1763219404885915,0.4181715183211003,0.3639999010393055]
M 24 1 [0.073445352762675,0.35979004307552453,0.506260463951645]
M 24 8 [0.164649053364241,0.3918082205959048,0.4874520562126592]
M 24 32 [0.238512469842084,0.34124884378674675,0.5456384240901824]
M 24 37 [0.09732901619212958,0.5943103062939025,0.515831344481118]
M 24 4 [0.4154940048570357,0.6542220655223997,0.6396362629304716]
M 24 4 [0.4154940048570357,0.6542220655223997,0.6396362629304716]
M 24 25 [0.5390563892076012,0.5506610019283616,0.6160683558446162]
M 24 17 [0.43808581224352633,0.3220970240096982,0.752171673009567]
M 24 30 [0.5233737289154056,0.6278754359327189,0.6200654293472533]
M 24 39 [0.47830895250105443,0.4159701375797215,0.8356874628487994]
M 25 31 [0.7215045418377402,0.5026899062210876,0.7037571739263258]
M 25 1 [0.5321949597050023,0.5442163651531794,0.42232922862403716]
M 25 18 [0.5371887080851832,0.5454146467237058,0.28116301437733354]
M 25 24 [0.5390563892076012,0.5506610019283616,0.6160683558446162]
M 25 7 [0.966333264664039,0.5093235232018539,0.2749577720516102]
M 25 28 [0.6729479658721195,0.6222150158607451,0.5692348826050178]
M 25 7 [0.966333264664039,0.5093235232018539,0.2749577720516102]
M 25 39 [0.9370585594433818,0.6003964596573763,0.7517562275211918]
M 25 12 [0.8663407700137972,0.7617422132217699,0.304109370237264]
M 25 33 [0.6864428969941228,0.8065256992545979,0.42571847822164355]
M 26 35 [0.2643461559556788,0.7646974540515055,0.5971234832022912]
M 26 15 [0.3352382975582171,0.33236438783562244,0.414662671509212]
M 26 12 [0.5056939437888779,0.6671121464174834,0.31629344373930346]
M 26 32 [0.336615250559492,0.431045099060115,0.47389126226461403]
M 26 11 [0.16311472617205225,0.5226122019968187,0.597229370267861]
M 26 0 [0.5161547011332993,0.5624135304875066,0.5335543443601738]
M 26 36 [0.601297814903881,0.3668652941153337,0.3923237069080415]
M 26 17 [0.5361885929609344,0.4118932792830665,0.6804245111839988]
M 26 38 [0.425032173193375,0.4988725747291619,0.6205072886657295]
M 26 21 [0.5414016986798246,0.33527594962632346,0.3361660836780895]
M 27 39 [0.46585749802137183,0.40738131178591874,0.5792661737374648]
M 27 35 [0.153791920758588,0.6663123729843343,0.41244935591652476]
M 27 8 [0.1521975988845583,0.38321939480210204,0.23103076710132447]
M 27 7 [0.4951322032420289,0.31630837533039635,0.10246771826788323]
M 27 34 [0.462878036749537,0.5452486748646924,0.41947895076665476]
M 27 10 [0.5176032274220604,0.5636016312690489,0.4685199986952875]
M 27 33 [0.21524183557211274,0.6135105513831403,0.2532284244379166]
M 27 12 [0.39513970859178704,0.5687270653503123,0.13161931645353697]
M 27 27 [0.055403873305908485,0.3490570282631012,0.18715701294955456]
M 27 38 [0.3144779379962843,0.4004874936619909,0.4358331613799631]
M 28 5 [0.3305739840411508,0.2999002769062424,0.7917597253063362]
M 28 8 [0.29854063002875936,0.4633622345282883,0.4406185829730608]
M 28 15 [0.3710270935053274,0.31412214649463766,0.43957636009518186]
M 28 5 [0.3305739840411508,0.2999002769062424,0.7917597253063362]
M 28 23 [0.21211073643570183,0.3999292769801155,0.3889135896252754]
M 28 14 [0.2549156490340598,0.6549501067886684,0.4927263099492414]
M 28 34 [0.6092210678937381,0.6253915145908787,0.6290667666383911]
M 28 12 [0.541482739735988,0.6488699050764986,0.3412071323252733]
M 28 38 [0.4608209691404853,0.4806303333881771,0.6454209772516994]
M 28 27 [0.20174690445010954,0.42919986798928755,0.39674482882129086]
M 29 9 [0.7447973360483147,0.4747582685472418,0.839302347802751]
M 29 31 [0.5891250592409397,0.5333938284115897,0.9064369167205275]
M 29 10 [0.85642480624727,0.7873207013310087,0.8436897952732161]
M 29 39 [0.8046790768465812,0.6311003818478784,0.9544359703153934]
M 29 36 [0.8295651585319997,0.49219928311012234,0.5828193762002037]
M 29 2 [0.6192107665569724,0.8409175264414499,0.65030301065785]
M 29 15 [0.563505641186336,0.4576983768304111,0.6051583408013742]
M 29 16 [0.5808596568304756,0.6847531475574168,0.9115585405437189]
M 29 0 [0.744422044761418,0.6877475194822952,0.7240500136523358]
M 29 27 [0.39422545213111804,0.5727760983250609,0.5623268095274832]
M 30 32 [0.6815794164922157,0.6028895998687588,0.46570426226521155]
M 30 21 [0.8863658646125483,0.5071204504349673,0.3279790836786871]
M 30 9 [0.8614941583529195,0.5212687803610968,0.6406196785111864]
M 30 23 [0.5212861064213151,0.590016019129744,0.35581290103990304]
M 30 23 [0.5212861064213151,0.590016019129744,0.35581290103990304]
M 30 13 [0.9442453522966278,0.7355444793921933,0.3684958731542585]
M 30 36 [0.9462619808366046,0.5387097949239774,0.38413670690863916]
M 30 5 [0.6397493540267641,0.48998701905587083,0.7586590367209638]
M 30 25 [0.9821233358577328,0.8123017580103736,0.5361341940196453]
M 30 10 [0.9731216285518749,0.8338312131448639,0.6450071259816516]
M 31 18 [0.2608872537729948,0.313017228938777,0.4527830677866509]
M 31 11 [0.24746009808478317,0.3848448510161764,0.7566653501751389]
M 31 7 [0.6900318103518506,0.2769261054169251,0.44657782546092756]
M 31 37 [0.27977716882226855,0.5463392105866285,0.6035201625628276]
M 31 24 [0.2627549348954128,0.3182635841434327,0.7876884092539336]
M 31 19 [0.6979183558213493,0.3429502101778351,0.9080683173238251]
M 31 38 [0.5093775451061059,0.3611052237485196,0.7799432685730073]
M 31 30 [0.7058218815455445,0.5799043402254447,0.7077542474289628]
M 31 19 [0.6979183558213493,0.3429502101778351,0.9080683173238251]
M 31 17 [0.6205339648736653,0.27412592830242416,0.8398604910912766]
M 32 24 [0.238512469842084,0.34124884378674675,0.5456384240901824]
M 32 31 [0.42096062247222293,0.29327774807947266,0.6333272421718918]
M 32 2 [0.45104632978825554,0.600801446109333,0.37719333610921435]
M 32 12 [0.5657968506482798,0.5523300550801549,0.23367943848283002]
M 32 28 [0.3724040465066023,0.4128028577191302,0.4988049508505839]
M 32 15 [0.39534120441761916,0.21758229649829403,0.3320486662527386]
M 32 12 [0.5657968506482798,0.5523300550801549,0.23367943848283002]
M 32 22 [0.5361293216257673,0.5995072695997843,0.38804881212484676]
M 32 8 [0.32285474094105104,0.3668223845319447,0.3330908891306175]
M 32 6 [0.2683830662976162,0.31870179270329035,0.565439878580779]
M 33 8 [0.3120355611507626,0.6476729179221411,0.29710217858968657]
M 33 18 [0.2258256089293774,0.6168530219722873,0.17474437208196864]
M 33 23 [0.225605667557705,0.5842399603739683,0.24539718524190113]
M 33 2 [0.4402271499979671,0.8816519794995292,0.3412046255682834]
M 33 27 [0.21524183557211274,0.6135105513831403,0.2532284244379166]
M 33 33 [0.37507979783831696,0.8779640745031794,0.31929983592627864]
M 33 37 [0.24471552397865115,0.8501750036201388,0.3254814668581454]
M 33 29 [0.5540634143973222,0.8372296214450999,0.6283982210158452]
M 33 19 [0.6628567109777319,0.6467860032113454,0.6300296216191429]
M 33 33 [0.37507979783831696,0.8779640745031794,0.31929983592627864]
M 34 30 [0.9183964378793513,0.8154782567405072,0.5959660780530188]
M 34 24 [0.47532949122921975,0.5538375006584952,0.6759002398779895]
M 34 2 [0.6878633511753913,0.8133901029810814,0.5074551518970215]
M 34 19 [0.910492912155156,0.5785241266928975,0.7962801479478809]
M 34 23 [0.4732418687351293,0.5159780838555204,0.41164771157063934]
M 34 17 [0.8331085212074721,0.5096998448174866,0.7280723217153325]
M 34 15 [0.6321582258047549,0.4301709533700426,0.4623104820405458]
M 34 31 [0.6577776438593586,0.5058664049512213,0.7635890579596991]
M 34 37 [0.4923517251560754,0.7819131271016909,0.4917319931868835]
M 34 36 [0.8982177431504188,0.46467185964975394,0.43997151743937535]
M 35 7 [0.5935202506947085,0.6335637200516294,0.32776006123485335]
M 35 30 [0.6093103218884024,0.936541954860149,0.5889364832028887]
M 35 18 [0.16437569411585268,0.6696548435734814,0.33396530356057674]
M 35 17 [0.5240224052165232,0.6307635429371286,0.7210427268652025]
M 35 25 [0.6249929821805982,0.8593275208557919,0.5849394097002517]
M 35 12 [0.4935277560444666,0.8859824100715453,0.3569116594205071]
M 35 30 [0.6093103218884024,0.936541954860149,0.5889364832028887]
M 35 34 [0.5612660842022166,0.8625040195859256,0.644771293733625]
M 35 30 [0.6093103218884024,0.936541954860149,0.5889364832028887]
M 35 8 [0.25058564633723784,0.700474739523335,0.4563231100682946]
M 36 33 [0.6505815419729944,0.5329337361682016,0.27372099111063714]
M 36 38 [0.749817644397166,0.31991067844705223,0.45632572805268357]
M 36 15 [0.6600237687620081,0.15340249155351277,0.2504811108961661]
M 36 33 [0.6505815419729944,0.5329337361682016,0.27372099111063714]
M 36 14 [0.5439123242907405,0.49423045184754355,0.3036310607502256]
M 36 39 [0.9011972044222535,0.32680449657098015,0.5997587404101853]
M 36 17 [0.8609740641647254,0.23293138300095687,0.5162429505709528]
M 36 39 [0.9011972044222535,0.32680449657098015,0.5997587404101853]
M 36 20 [0.8140304425811067,0.2141044545535815,0.16367476063721548]
M 36 5 [0.6195706592978315,0.13918062196511752,0.6026644761073204]
M 37 35 [0.18326560916512652,0.9029768252213328,0.4847023983367535]
M 37 10 [0.5470769158285991,0.8002660835060476,0.5407730411155163]
M 37 38 [0.34395162640282273,0.6371519458989894,0.5080862038001919]
M 37 5 [0.21370464130348824,0.45642188941705464,0.6544249518548286]
M 37 24 [0.09732901619212958,0.5943103062939025,0.515831344481118]
M 37 3 [0.26517135277810505,0.9009199454963945,0.4725981865778795]
M 37 18 [0.0954613350697116,0.5890639510892468,0.18092600301383535]
M 37 25 [0.556078623134457,0.7787366283715573,0.43190010915351024]
M 37 0 [0.4350741543427471,0.700692901657334,0.42113325949463604]
M 37 6 [0.12719961264766194,0.5717632552104461,0.5356327989717148]
M 38 15 [0.4837581270515022,0.285409772167341,0.4786646926538541]
M 38 13 [0.7478010158571892,0.5167453629152681,0.4406848942983031]
M 38 33 [0.4743159002624885,0.6649410167820299,0.5019045728683251]
M 38 8 [0.41127166357493417,0.4346498602009917,0.47970691553173306]
M 38 31 [0.5093775451061059,0.3611052237485196,0.7799432685730073]
M 38 35 [0.41286598544896375,0.7177428383832238,0.6611255043469332]
M 38 35 [0.41286598544896375,0.7177428383832238,0.6611255043469332]
M 38 3 [0.49477172906194256,0.7156859586582857,0.6490212925880594]
M 38 28 [0.4608209691404853,0.4806303333881771,0.6454209772516994]
M 38 28 [0.4608209691404853,0.4806303333881771,0.6454209772516994]
M 39 8 [0.5626512236000216,0.44154367832491964,0.6231399278892347]
M 39 35 [0.5642455454740513,0.7246366565071518,0.8045585167044349]
M 39 23 [0.4762213300069641,0.37811072077674673,0.5714349345414493]
M 39 20 [0.7891443608956883,0.35300555329133765,0.5352913547524052]
M 39 2 [0.6908428124472261,0.6755227399023077,0.6672423748678316]
M 39 36 [0.9011972044222535,0.32680449657098015,0.5997587404101853]
M 39 27 [0.46585749802137183,0.40738131178591874,0.5792661737374648]
M 39 32 [0.6365146400778645,0.39098430151576147,0.6813262957667579]
M 39 15 [0.6351376870765897,0.2923035902912689,0.6220977050113558]
M 39 34 [0.8733316614650004,0.60357295838751,0.8115881115545651]
